OrderId,EstimatedTimeArrival,SetDriverDate,ArrivalDriverDate,OrderCreationDate,LoadArea,FeedPointLatitude,FeedPointLongitude,IsWeekend,IsRushHour,HasPrecipitation,CountDrivers500m,CountDrivers1000m,CountDrivers2000m,ProbabilityRefusalOrder500m,ProbabilityRefusalOrder1000m,ProbabilityRefusalOrder2000m,CountDrivers500m,CountDrivers1000m,CountDrivers2000m,ProbabilityRefusalOrder500m,ProbabilityRefusalOrder1000m,ProbabilityRefusalOrder2000m
3001431758068,5,2024-02-15 00:18:53.997,2024-02-15 00:20:10.647,2024-02-15 05:00:25.540,1.25,57.18187720530979,65.65697859539193,0,0,0,0,2,2,1.0,0.25,0.2972972972972973,0,2,2,1.0,0.25,0.2972972972972973
3001431758096,4,2024-02-15 00:01:58.203,2024-02-15 00:03:33.630,2024-02-15 05:00:58.053,1.35,57.1272624403066,65.5817163508592,0,0,0,3,5,10,1.0,0.43478260869565216,0.6828193832599119,3,5,10,1.0,0.43478260869565216,0.6828193832599119
3001431758153,4,2024-02-15 00:10:47.800,2024-02-15 00:13:19.677,2024-02-15 05:02:45.250,1.2,57.1461177667313,65.5227389397091,0,0,0,14,5,6,0.45724907063197023,0.6352941176470588,0.5210084033613446,14,5,6,0.45724907063197023,0.6352941176470588,0.5210084033613446
3001431758179,3,2024-02-15 00:06:58.673,2024-02-15 00:07:50.340,2024-02-15 05:03:29.623,1.25,57.14665437531944,65.52163508238363,0,0,0,12,5,9,0.4745098039215686,0.6375,0.4855072463768116,12,5,9,0.4745098039215686,0.6375,0.4855072463768116
3001431758180,5,2024-02-15 00:05:40.380,2024-02-15 00:10:34.873,2024-02-15 05:03:29.733,1.35,57.145398993822,65.5858790874481,0,0,0,2,2,10,0.0,0.46551724137931033,0.7616279069767442,2,2,10,0.0,0.46551724137931033,0.7616279069767442
3001431758194,3,2024-02-15 00:25:58.003,2024-02-15 00:26:11.447,2024-02-15 05:03:45.327,1.3,57.1461177667313,65.5227389397091,0,0,0,13,5,7,0.4470588235294118,0.7283950617283951,0.48175182481751827,13,5,7,0.4470588235294118,0.7283950617283951,0.48175182481751827
3001431758197,15,2024-02-15 00:19:58.050,2024-02-15 00:34:04.487,2024-02-15 05:03:48.500,1.0,57.1310604538722,65.5243404588416,0,0,0,1,4,24,0.8333333333333334,0.43670886075949367,0.5277108433734939,1,4,24,0.8333333333333334,0.43670886075949367,0.5277108433734939
3001431758320,5,2024-02-15 00:08:01.193,2024-02-15 00:09:55.077,2024-02-15 05:07:27.180,1.3,57.1756523319066,65.5526006722504,0,0,0,3,2,6,0.5714285714285714,1.0,0.1958762886597938,3,2,6,0.5714285714285714,1.0,0.1958762886597938
3001431758352,5,2024-02-15 00:16:50.893,2024-02-15 00:19:22.323,2024-02-15 05:08:20.407,1.35,57.1401598155536,65.5585826236023,0,0,0,1,4,14,0.8571428571428571,0.5964912280701754,0.6271186440677966,1,4,14,0.8571428571428571,0.5964912280701754,0.6271186440677966
3001431758382,9,2024-02-15 00:09:07.567,2024-02-15 00:17:45.820,2024-02-15 05:09:07.397,1.2,57.0980262756348,65.5908660888672,0,0,0,4,5,14,0.6857142857142857,0.4090909090909091,0.43824701195219123,4,5,14,0.6857142857142857,0.4090909090909091,0.43824701195219123
